0.06345930099487304 -0.3043868713378906 0.30796505737304686 -2.847838262186892 0.007065947378022723 3.127311984876461
0.021767837524414062 -0.34382717895507814 0.2554205627441406 -3.0155353855003093 0.07519274715935484 2.9921850553786036
-0.03439899826049805 -0.34333157348632815 0.24182992553710939 -3.050670736077834 0.01033117584960917 3.0385853110510546
-0.03026710891723633 -0.35164080810546877 0.24891094970703126 -3.0159002385696505 0.05179766760895735 -2.85197814610142
-0.05806247329711914 -0.36327951049804685 0.2425411834716797 -2.9793917621340813 0.009682529676606745 -2.4063239703392334
-0.10364375305175781 -0.35417214965820315 0.2702007141113281 -2.8205334041625276 -0.08348371690974633 -2.299966637465284
-0.13331263732910156 -0.39358868408203124 0.20091903686523438 -2.806065248908454 0.06873513911526592 -2.34850221569976
-0.15778265380859374 -0.443287841796875 0.19886441040039063 -2.79528290860305 0.030544181532714685 -2.4204776062685687
-0.08097798156738281 -0.3925569763183594 0.23536749267578125 -2.9388754945740514 -0.003690285626319906 -2.250191890375594
0.05280324172973633 -0.3126816711425781 0.27322628784179687 -2.9591783694603797 0.2002892882079708 -2.548067789881502
0.09040435791015625 -0.3048863525390625 0.2738818359375 -3.0118940453418444 0.3006491157280346 3.039760031407888
0.13021797180175781 -0.335748779296875 0.29014126586914063 -2.8365387359977947 0.06596385368492946 -3.0143191198304704
0.07170380401611329 -0.31674444580078126 0.25239306640625 -2.793345192593909 -0.4031484935783544 -2.9985159219219404
0.07373139953613281 -0.3078756103515625 0.25405047607421877 -2.8697078747425135 -0.5802737730723841 -2.848049450861335
0.12354104614257813 -0.24641372680664062 0.3031821899414063 -2.852297991748339 0.09970897591678365 3.1165594719752665
0.005141146183013916 -0.37553875732421876 0.22597996520996094 -3.1359930910817924 0.2930286800058546 2.607124718634554
-0.05148674011230469 -0.3221616821289062 0.21933935546875 2.9883503697249982 0.21170361328480722 2.391429709310747
0.17079074096679686 -0.356825439453125 0.21620166015625 -2.994480700238252 -0.3394737766531594 -2.9700954657169416
0.24157925415039064 -0.2869071044921875 0.22080972290039064 -3.065031832256086 -0.1605038586300863 -2.8411963384282344
0.18616201782226563 -0.3112562255859375 0.23117401123046874 -3.0901989708734443 -0.6798608178231342 -2.5914517493033284
0.2148508758544922 -0.2943538818359375 0.19994873046875 3.0133238965311078 -0.6899824278620894 -2.400353695807494
0.08922532653808593 -0.18780615234375 0.19905197143554687 -2.6603309487888107 -0.29907542055039316 -2.976606894582185
0.07054150390625 -0.175309814453125 0.17885003662109375 -2.7034792184541656 0.00963842419194421 2.8718503878394825
0.03052623176574707 -0.18639866638183594 0.23745071411132812 -2.790903872822633 -0.13920044244459384 2.8189189959097214
-0.01426935863494873 -0.24324679565429688 0.1769691925048828 -2.9710832321652516 0.2954504921221454 2.5902003299071006
-0.05508110046386719 -0.34978677368164063 0.1247090072631836 -3.065975922862519 0.5544331210153453 2.617282015032116
-0.11700362396240234 -0.32494143676757814 0.13758470153808594 -2.8759082463924357 0.22208804403383955 2.9912279152828294
-0.10829077911376953 -0.3640715026855469 0.10112123107910156 -2.9080009354245453 0.4888969543567257 2.940837179033004
0.08660569000244141 -0.25975115966796875 0.16627796936035155 -2.444101443034225 0.04393035269253781 3.0320757463985735
0.162582763671875 -0.2294718780517578 0.08415222930908203 -2.472291269488823 0.04042083900803139 2.723916316659434
0.13200474548339844 -0.2843577880859375 0.09270529174804687 -2.404293310008048 0.25452496328159796 2.791353947046856
0.28472787475585937 -0.2760194396972656 0.16586221313476562 -2.367027696874569 0.009854497062214806 2.7831197192724404
0.17867507934570312 -0.22235649108886718 0.1920833282470703 -2.494575802542279 -0.21389835762865517 3.08049041711956
0.256641845703125 -0.2399792785644531 0.12005596923828125 -2.479892197556018 -0.2653990161970414 2.897925131756339
0.27273379516601565 -0.28807400512695314 0.08997978973388672 -2.4060608500235334 -0.26021067905086265 2.8050654982352383
0.16465971374511718 -0.32355532836914064 0.16368606567382812 -2.7458133597742833 -0.5815424364366707 3.122561704440087
0.17503523254394532 -0.28860519409179686 0.13113497924804687 -2.7800972977513094 -0.4285711292127917 -2.7898543210370326
0.191536865234375 -0.23549217224121094 0.1685780487060547 -2.4878342765588526 -0.44734281963037875 2.993132608094454
0.1215268325805664 -0.2643000183105469 0.263871826171875 -2.4829156843415854 -0.3649039024281625 2.889849894699001