0.06345417785644532 -0.30437420654296876 0.3079715576171875 -2.847846251670162 0.007032683351680602 3.127303462760973
0.02179060935974121 -0.34381378173828125 0.2554534454345703 -3.015476795956328 0.07517019351387323 2.9922457754514578
-0.03436512756347656 -0.3433259582519531 0.24184840393066406 -3.0506584855368195 0.01033865766779661 3.038644965859472
-0.030255834579467775 -0.35163140869140624 0.24893009948730468 -3.0159258049161153 0.051760587251967194 -2.8519453892200124
-0.05805596160888672 -0.36333676147460936 0.24268682861328125 -2.9794689938056935 0.01005447653324184 -2.4063034639988397
-0.10366501617431641 -0.35421731567382814 0.2703710632324219 -2.8207280812382125 -0.0830479405316253 -2.2998446646873583
-0.13331553649902345 -0.393585205078125 0.20096954345703125 -2.8060735047078333 0.06862173006472058 -2.348531510471751
-0.1577609100341797 -0.4433095397949219 0.19889059448242188 -2.795241895922263 0.030522574557776815 -2.4204094293446623
-0.08114983367919922 -0.39281707763671875 0.23585475158691407 -2.939558861709766 -0.002524548756827118 -2.250060862849962
0.05276759719848633 -0.3127108154296875 0.2732296142578125 -2.9591599936488584 0.2002731760833758 -2.5481245152127205
0.0903842544555664 -0.30487664794921876 0.2738909606933594 -3.011926535907143 0.30063190504948994 3.039740324015822
0.13019142150878907 -0.3357469482421875 0.29012240600585937 -2.836622092939914 0.06596686222472341 -3.014399547295391
0.07170006561279296 -0.31673980712890626 0.2523967742919922 -2.7934088421439616 -0.4031669026793896 -2.9985414882684047
0.07370895385742188 -0.3078818359375 0.25405682373046873 -2.869709738955277 -0.5802800315009459 -2.8481170951530235
0.12353536987304688 -0.24641250610351562 0.3031714782714844 -2.852309443341026 0.09958870922643136 3.116611137300414
0.005164023876190186 -0.3755306396484375 0.22598052978515626 -3.135979775276342 0.2929640650599066 2.6072120703183086
-0.051466415405273434 -0.32216534423828125 0.2193455047607422 2.9883562286793968 0.21168979813665242 2.391481907268113
0.17075825500488281 -0.3568447570800781 0.2162278289794922 -2.9944194475331805 -0.33946821730438387 -2.9702363469386066
0.17509062194824218 -0.3577957458496094 0.23857435607910157 -3.0313215391778634 -0.6587500730201306 -2.7402377657160937
0.24155790710449218 -0.2869237060546875 0.22083987426757812 -3.064995080633043 -0.16050530672392901 -2.8413057943490365
0.18615321350097655 -0.31128070068359376 0.23116372680664063 -3.090227200380999 -0.6798329877897429 -2.5915465578381354
0.21483045959472657 -0.2943616027832031 0.19996807861328125 3.0133920734550137 -0.6899652504730583 -2.400500702299666
0.21605947875976564 -0.34954940795898437 0.2525541534423828 2.986746614116553 -0.8313829659398465 -2.3625930010273692
0.24781776428222657 -0.2770674133300781 0.2640428161621094 -3.0727291667547423 -0.24950365627003765 -2.7438277068655204
0.09433057403564453 -0.17477760314941407 0.20245411682128905 -2.5204556030673424 -0.005993117379870871 3.090266615165132
0.08922492218017578 -0.18781150817871095 0.19907444763183593 -2.660365836199091 -0.29911117348802746 -2.976587986138446
0.07054592895507812 -0.17531004333496095 0.1788831329345703 -2.703420895226293 0.009653155842021012 2.8718871394625256
0.03054250144958496 -0.186396728515625 0.2374517059326172 -2.7908748443667513 -0.1391813009742589 2.8189461601528403
-0.014266897201538085 -0.2432473907470703 0.17698008728027342 -2.9711048037700816 0.2954254584078987 2.590248266806722
-0.05511322021484375 -0.34976824951171875 0.12472001647949219 -3.065937839658931 0.5543571876347644 2.617274824497173
-0.1169835205078125 -0.3249415283203125 0.13756365966796874 -2.87597429278747 0.2222017110781155 2.991186902602042
-0.10828694915771485 -0.36407037353515626 0.10112596130371093 -2.9079870869868767 0.48881329780898364 2.940904823324692
0.08530633544921876 -0.259503662109375 0.16620137023925782 -2.4439989113322573 0.04714050210338411 3.034880055026427
0.18305206298828125 -0.193449951171875 0.10680204010009765 -2.4454474046491517 0.00037866896520932666 3.0244979878328624
0.16258798217773437 -0.2294459991455078 0.08416444396972657 -2.472349859032805 0.04045064144510506 2.7239706451456716
0.1320120849609375 -0.28435745239257815 0.09271880340576172 -2.4042823910475786 0.254502975557848 2.7913669965361976
0.28474246215820315 -0.27600970458984375 0.16585661315917968 -2.36703009371955 0.00985626868851809 2.7831242466462935
0.27286968994140626 -0.3190313415527344 0.1381460418701172 -2.4474929786824413 -0.0991094733882716 2.7607411766325045
0.2446457977294922 -0.27784091186523435 0.24572018432617188 -2.6027848313221607 0.0502467715869605 2.9744987362632784
0.020005985260009764 -0.24421163940429688 0.3830486145019531 -2.652190464284766 -0.03884996927785895 -3.112217187817892
0.2467996063232422 -0.2161509552001953 0.2544889068603516 -2.7465244237853343 -0.3425691022091312 -2.703950065334892
0.1786727294921875 -0.22236428833007812 0.1921029052734375 -2.494563552001265 -0.21390849428555425 3.080448605490446
0.2566387939453125 -0.2399875030517578 0.12007071685791015 -2.4799254870696443 -0.2653555400922459 2.897888646449405
0.2727254638671875 -0.28809518432617187 0.08999439239501954 -2.4060499310630643 -0.26017344472987197 2.80498720129919
0.1646716766357422 -0.32356988525390623 0.16369053649902343 -2.7457371933671073 -0.5815613448804102 3.1225174959659916
0.17505169677734375 -0.2886024475097656 0.1311242980957031 -2.780148430444239 -0.4285985264825059 -2.7898388747027103
0.19152445983886718 -0.23549949645996093 0.1685791015625 -2.4878625060664077 -0.4473075660354488 2.993091329097558
0.12153799438476562 -0.264291748046875 0.26386376953125 -2.4829234075087463 -0.3649392226021197 2.889873330516594
0.11918595886230468 -0.24358233642578125 0.309309326171875 -2.599310205047934 0.1780484809306625 -3.103974970560206
0.20229010009765624 -0.270205810546875 0.21253080749511719 -2.238103269555506 -0.1887604971385314 2.674779396650818
